# This file may be used to create an environment using:
# $ conda create --name <env> --file <this file>
# platform: win-64
alabaster=0.7.16=pyhd8ed1ab_0
anyio=4.3.0=pyhd8ed1ab_0
babel=2.14.0=pyhd8ed1ab_0
bzip2=1.0.8=hcfcfb64_5
ca-certificates=2024.2.2=h56e8100_0
certifi=2024.2.2=pyhd8ed1ab_0
charset-normalizer=3.3.2=pyhd8ed1ab_0
click=8.1.7=win_pyh7428d3b_0
colorama=0.4.6=pyhd8ed1ab_0
commonmark=0.9.1=py_0
docutils=0.20.1=py310h5588dad_3
exceptiongroup=1.2.0=pyhd8ed1ab_2
future=1.0.0=pyhd8ed1ab_0
h11=0.14.0=pyhd8ed1ab_0
idna=3.7=pyhd8ed1ab_0
imagesize=1.4.1=pyhd8ed1ab_0
importlib-metadata=7.1.0=pyha770c72_0
jinja2=3.1.3=pyhd8ed1ab_0
libffi=3.4.2=h8ffe710_5
libsqlite=3.45.3=hcfcfb64_0
libzlib=1.2.13=hcfcfb64_5
livereload=2.6.3=pyh9f0ad1d_0
markupsafe=2.1.5=py310h8d17308_0
openssl=3.2.1=hcfcfb64_1
packaging=24.0=pyhd8ed1ab_0
pip=24.0=pyhd8ed1ab_0
pygments=2.17.2=pyhd8ed1ab_0
python=3.10.14=h4de0772_0_cpython
python_abi=3.10=4_cp310
pytz=2024.1=pyhd8ed1ab_0
recommonmark=0.7.1=pyhd8ed1ab_0
requests=2.31.0=pyhd8ed1ab_0
setuptools=69.5.1=pyhd8ed1ab_0
six=1.16.0=pyh6c4a22f_0
sniffio=1.3.1=pyhd8ed1ab_0
snowballstemmer=2.2.0=pyhd8ed1ab_0
sphinx=7.3.7=pyhd8ed1ab_0
sphinx-autobuild=2024.4.16=pyhd8ed1ab_0
sphinx_rtd_theme=2.0.0=pyha770c72_0
sphinxcontrib-applehelp=1.0.8=pyhd8ed1ab_0
sphinxcontrib-devhelp=1.0.6=pyhd8ed1ab_0
sphinxcontrib-htmlhelp=2.0.5=pyhd8ed1ab_0
sphinxcontrib-jquery=4.1=pyhd8ed1ab_0
sphinxcontrib-jsmath=1.0.1=pyhd8ed1ab_0
sphinxcontrib-qthelp=1.0.7=pyhd8ed1ab_0
sphinxcontrib-serializinghtml=1.1.10=pyhd8ed1ab_0
starlette=0.37.2=pyhd8ed1ab_0
tk=8.6.13=h5226925_1
tomli=2.0.1=pyhd8ed1ab_0
tornado=6.4=py310h8d17308_0
typing_extensions=4.11.0=pyha770c72_0
tzdata=2024a=h0c530f3_0
ucrt=10.0.22621.0=h57928b3_0
urllib3=2.1.0=py310haa95532_0
uvicorn=0.29.0=py310h5588dad_0
vc=14.3=hcf57466_18
vc14_runtime=14.38.33130=h82b7239_18
vs2015_runtime=14.38.33130=hcb4865c_18
watchfiles=0.21.0=py310h87d50f1_0
websockets=12.0=py310h8d17308_0
wheel=0.43.0=pyhd8ed1ab_1
xz=5.2.6=h8d14728_0
zipp=3.17.0=pyhd8ed1ab_0
